4134
4538
4611
4808
4809
4811
4812
4816
4835
4837
4842
4847
4859
7497
7586
7609
7640
7641
7653
7721
9306
9308
9384
9389
9392
9394
9394
9401
9405
9406
9801
9802
9803
9805
9806
9807
9808
9809
9810
9811
9812
9814
9818
9929
9939
10111
10206
10212
17428
17429
17430
17442
17490
17621
17622
17623
17633
17638
17739
17772
17775
17776
17781
17799
17816
17897
17962
17964
17968
17969
18118
18239
18241
18242
18244
18245
18257
23650
23724
23771
23839
23841
23842
23844
23848
23851
23852
23853
23910
23911
24134
24137
24138
24138
24139
24141
24143
24147
24149
24150
24151
24302
24348
24349
24350
24350
24352
24353
24354
24355
24356
24357
24358
24359
24360
24361
24362
24363
24364
24367
24368
24369
24370
24371
24372
24376
24400
24404
24406
24409
24413
24416
24422
24423
24424
24426
24427
24429
24430
24444
24445
24489
24490
24495
24547
24575
37936
37937
37942
37963
37965
37970
38019
38027
38057
38238
38272
38283
38341
38345
38346
38353
38357
38358
38363
38364
38365
38367
38370
38370
38372
38375
38378
38379
38380
38381
38564
38834
42962
44421
45057
45058
45061
45062
45064
45071
45073
45074
45075
45079
45083
45084
45086
45090
45101
45106
45110
45113
45576
49195
55439
55461
55468
55786
55956
55958
55960
55966
55967
55971
55973
55982
55990
55991
55992
55994
55996
55998
56000
56002
56003
56005
56006
56011
56012
56013
56015
56019
56040
56041
56042
56044
56046
56047
56048
56282
58448
58461
58466
58517
58518
58519
58520
58536
58539
58540
58541
58542
58543
58563
58571
58593
58772
58777
58811
58834
58850
58851
58852
58854
58859
58862
58866
58879
58962
58998
59003
59009
59011
59012
59019
59025
59029
59033
59034
59037
59043
59045
59048
59049
59057
59065
59067
59068
59073
59074
59077
59078
59080
59083
59089
63539
63548
63555
63560
63561
63565
63570
63571
63580
63581
63582
63583
63590
63593
63603
63612
63614
63615
63617
63619
63620
63629
63631
63634
63641
63646
63648
63654
63655
63663
63673
63689
63690
63695
63696
63697
63701
63704
63708
63722
63727
63835
63838
64021
131285
131325
131326
131484
131486
131495
131497
131506
131519
131522
131524
131536
131541
131542
131544
131558
131562
131567
131574
131577
131578
132019
132147
132153
132203
132225
132437
132510
132525
132553
132698
132833
133111
133118
133119
133194
133219
133465
133475
133512
133513
133514
133555
133774
133775
133776
133846
133865
133952
134169
134238
134413
134417
134419
134420
134425
134542
134543
134578
134756
134760
134761
134762
134763
134764
134765
134766
134768
134769
134770
134771
134772
134773
134774
134775
134810
135006
135054
135061
135089
135357
135363
135629
135671
135883
136146
136160
136173
136180
136188
136189
136190
136191
136192
136194
136195
136197
136198
136199
136200
136237
136766
136958
136959
137266
137539
137571
137687
137688
137689
137690
137691
137692
137693
137694
137695
137697
137698
137699
137702
137710
137715
137718
137719
137735
137745
137746
137747
137751
137753
137758
137759
137764
137767
137782
137784
137785
137787
137788
137798
137801
137804
137806
137882
137897
138029
138169
138182
138369
138370
138371
138373
138374
138375
138376
138377
138378
138381
138393
138407
138421
138438
138440
138441
138442
138538
138545
138570
138949
138950
138982
138991
139007
139018
139019
139061
139080
139090
139099
139110
139118
139122
139136
139137
139138
139139
139141
139148
139154
139172
139177
139178
139179
139180
139182
139183
139189
139201
139203
139220
139266
139462
139587
139721
139726
139742
139743
139767
139799
139887
139888
140056
140061
140083
140105
140265
140276
140278
140279
140292
140308
140310
140312
140313
140314
140315
140316
140317
140330
140345
140485
140527
140553
140633
140636
140638
140647
140707
140709
140716
140717
140720
140726
140731
140886
140903
140979
141005
141025
141157
141425
141679
141739
141771
141776
141998
142111
142404
142608
142611
146746
146758
146771
146772
146774
146792
146809
146812
146814
146817
146822
146834
146841
146842
146845
146966
147008
147038
148969
148981
149178
149475
149648
149793
149837
149979
150145
150166
150374
150400
150775
151193
151311
151313
151397
151464
151483
151640
151823
152092
152157
152186
198304
199406
203236
203691
203888
205651
206628
208830
208993
209218
209294
209306
209574
209650
209864
210041
211051
211843
212237
212371
215906
